"","Index","Age","Serverity","Surgical.Medical","Anxiety","Type","Marital","FSA","pred_Satisfaction_back","pred"
"1",1,68,46,1,4.9,NA,0,"Q6U",NA,NA
"2",2,59,36,0,6.3,NA,1,"J8I",NA,NA
"3",3,59,38,1,6.4,NA,1,"T4T",NA,NA
"4",4,60,38,1,2.9,NA,1,"Y3B",NA,NA
"5",5,56,54,1,2.8,NA,1,"I6F",NA,NA
"6",6,58,48,0,5.2,NA,0,"F0X",NA,NA
"7",7,41,50,0,2.7,NA,0,"N0G",NA,NA
"8",8,54,50,0,4.5,NA,1,"S5W",NA,NA
"9",9,52,55,0,6.9,NA,0,"G4E",NA,NA
"10",10,45,50,1,6.4,NA,1,"Q2L",NA,NA
"11",11,39,57,1,5.8,NA,0,"V0Y",NA,NA
"12",12,58,49,0,3.4,NA,1,"O7B",NA,NA
"13",13,35,28,1,2.4,NA,1,"Z4A",NA,NA
"14",14,27,33,0,6.7,NA,1,"S7O",NA,NA
"15",15,67,55,0,3.2,NA,0,"M0Y",NA,NA
"16",16,73,55,1,2.5,NA,1,"J0F",NA,NA
"17",17,27,33,1,3.4,NA,0,"M0Z",NA,NA
"18",18,25,31,1,3.7,NA,1,"M4N",NA,NA
"19",19,63,44,1,3.5,NA,1,"M4N",NA,NA
"20",20,77,35,1,2,NA,1,"I3E",NA,NA
"21",21,50,39,1,6.3,NA,1,"I4Y",NA,NA
"22",22,29,51,0,6,NA,1,"Y3W",NA,NA
"23",23,62,37,1,2.6,NA,1,"X9A",NA,NA
"24",24,60,46,1,3.9,NA,1,"X1Q",NA,NA
"25",25,47,57,1,6.8,NA,1,"L8X",NA,NA
"26",26,43,29,1,2.1,NA,0,"Z8O",NA,NA
"27",27,77,48,0,4.1,NA,1,"N5G",NA,NA
"28",28,77,57,0,5.4,NA,0,"J6R",NA,NA
"29",29,53,39,0,3.8,NA,1,"I4C",NA,NA
"30",30,45,36,0,4.1,NA,0,"V0V",NA,NA
"31",31,67,48,1,4.6,NA,1,"I7E",NA,NA
"32",32,31,41,1,5,NA,1,"G8P",NA,NA
"33",33,41,28,1,6.4,NA,0,"L9I",NA,NA
"34",34,46,45,0,5,NA,0,"D9N",NA,NA
"35",35,44,51,0,5.9,NA,1,"R0C",NA,NA
"36",36,64,52,0,3.5,NA,1,"P6H",NA,NA
"37",37,26,38,1,2.3,NA,1,"E9E",NA,NA
"38",38,63,46,0,3.5,NA,1,"X5P",NA,NA
"39",39,26,29,1,7,NA,1,"B4R",NA,NA
"40",40,72,29,1,7.8,NA,1,"Y9N",NA,NA
"41",41,31,54,0,6.7,NA,1,"F3D",NA,NA
"42",42,25,58,0,5.4,NA,0,"U5N",NA,NA
"43",43,27,57,1,6.3,NA,0,"G2O",NA,NA
"44",44,53,31,1,5.6,NA,1,"Z9T",NA,NA
"45",45,25,50,1,2.3,NA,1,"D8X",NA,NA
"46",46,29,43,1,3.6,NA,0,"S0Z",NA,NA
"47",47,34,52,1,4,NA,1,"Z0B",NA,NA
"48",48,34,42,1,3.6,NA,1,"B2P",NA,NA
"49",49,29,72,1,4.3,NA,1,"H6K",NA,NA
"50",50,71,41,0,4.5,NA,1,"I2B",NA,NA
"51",51,56,54,1,6.3,NA,1,"C5N",NA,NA
"52",52,60,63,1,4.8,NA,0,"W8J",NA,NA
"53",53,48,65,0,6.5,NA,1,"H2G",NA,NA
"54",54,25,56,1,4.4,NA,1,"R4T",NA,NA
"55",55,59,38,1,3.9,NA,1,"O1B",NA,NA
"56",56,47,24,0,3.5,NA,1,"G3V",NA,NA
"57",57,24,32,1,4.6,NA,1,"E9N",NA,NA
"58",58,42,41,0,3.5,NA,1,"O0M",NA,NA
"59",59,37,51,1,5.9,NA,1,"E1R",NA,NA
"60",60,28,30,1,2.9,NA,1,"N6M",NA,NA
"61",61,34,42,1,7.6,NA,0,"P6F",NA,NA
"62",62,29,69,1,3.2,NA,1,"U8Q",NA,NA
"63",63,65,51,0,4.2,NA,0,"S4A",NA,NA
"64",64,29,57,0,6.6,NA,1,"Z0J",NA,NA
"65",65,49,49,1,5.4,NA,1,"Z8Q",NA,NA
"66",66,54,48,0,3.8,NA,1,"T0T",NA,NA
"67",67,42,41,1,5.1,NA,1,"U4X",NA,NA
"68",68,75,58,1,6.1,NA,0,"E3A",NA,NA
"69",69,46,49,1,3.3,NA,0,"R9D",NA,NA
"70",70,35,50,1,7.4,NA,1,"E5K",NA,NA
"71",71,57,34,1,4.4,NA,1,"Z7E",NA,NA
"72",72,41,67,1,5.9,NA,0,"O9W",NA,NA
"73",73,77,55,0,3.9,NA,1,"D8D",NA,NA
"74",74,44,33,1,5.7,NA,1,"H8M",NA,NA
"75",75,25,51,0,5,NA,1,"Z5D",NA,NA
"76",76,63,55,0,5.5,NA,1,"L3D",NA,NA
"77",77,52,50,0,1.9,NA,1,"E8N",NA,NA
"78",78,43,52,1,6.3,NA,0,"Q6S",NA,NA
"79",79,59,53,1,3,NA,1,"B7D",NA,NA
"80",80,78,56,1,2,NA,1,"Q2E",NA,NA
"81",81,31,58,0,4.6,NA,1,"Z0R",NA,NA
"82",82,48,26,1,3.5,NA,1,"P5N",NA,NA
"83",83,59,44,0,4.8,NA,1,"K8J",NA,NA
"84",84,47,41,0,2.2,NA,1,"B7Y",NA,NA
"85",85,46,50,0,3.3,NA,1,"Q7F",NA,NA
"86",86,37,55,0,3.9,NA,1,"U8P",NA,NA
"87",87,40,25,0,5.2,NA,0,"C0X",NA,NA
"88",88,76,56,0,3.6,NA,1,"I2J",NA,NA
"89",89,38,38,0,6,NA,1,"C7G",NA,NA
"90",90,29,39,0,4.8,NA,1,"E3Y",NA,NA
"91",91,54,49,0,6,NA,1,"U6A",NA,NA
"92",92,33,44,1,3.4,NA,1,"J4G",NA,NA
"93",93,59,54,0,3.1,NA,1,"X4O",NA,NA
"94",94,55,51,1,6.1,NA,1,"H5N",NA,NA
"95",95,60,56,0,5.1,NA,1,"H4B",NA,NA
"96",96,67,43,0,3.2,NA,1,"C0I",NA,NA
"97",97,25,40,1,2.2,NA,1,"D7K",NA,NA
"98",98,54,38,0,4,NA,0,"A4E",NA,NA
"99",99,61,48,0,6.4,NA,1,"O5V",NA,NA
"100",100,45,55,0,6.1,NA,1,"A3O",NA,NA
"101",101,39,66,1,2.8,NA,0,"Z4W",NA,NA
"102",102,75,49,1,5.8,NA,1,"Y3Q",NA,NA
"103",103,58,35,1,4.9,NA,0,"K2I",NA,NA
"104",104,66,31,1,6.2,NA,1,"T1Q",NA,NA
"105",105,32,44,0,4.3,NA,0,"A0Z",NA,NA
"106",106,72,42,0,6.5,NA,0,"X7I",NA,NA
"107",107,59,47,0,6.4,NA,1,"L8S",NA,NA
"108",108,32,31,0,2.9,NA,0,"V7H",NA,NA
"109",109,34,43,1,3.8,NA,1,"T3X",NA,NA
"110",110,63,31,0,3.9,NA,1,"V6D",NA,NA
"111",111,25,49,1,7,NA,1,"Z4L",NA,NA
"112",112,35,31,1,5.5,NA,1,"Y5E",NA,NA
"113",113,51,53,1,6.8,NA,1,"Y7A",NA,NA
"114",114,66,47,1,6.2,NA,1,"G4D",NA,NA
"115",115,54,49,1,4.7,NA,0,"E7T",NA,NA
"116",116,67,49,1,6,NA,0,"S7S",NA,NA
"117",117,66,31,1,4.6,NA,0,"Q7S",NA,NA
"118",118,38,76,1,6.5,NA,1,"E0N",NA,NA
"119",119,45,44,0,4.2,NA,0,"T8P",NA,NA
"120",120,72,45,1,6.4,NA,1,"L1N",NA,NA
"121",121,34,46,1,3.6,NA,0,"X8U",NA,NA
"122",122,41,44,1,2.8,NA,0,"K1C",NA,NA
"123",123,32,56,1,6.5,NA,1,"G5N",NA,NA
"124",124,34,48,0,4.9,NA,1,"T0I",NA,NA
"125",125,25,54,1,2.9,NA,1,"K5P",NA,NA
"126",126,25,50,0,2.9,NA,1,"W8H",NA,NA
"127",127,26,53,1,5.7,NA,1,"Y3M",NA,NA
"128",128,60,51,1,3.2,NA,1,"M6B",NA,NA
"129",129,64,59,1,3.1,NA,1,"Y9W",NA,NA
"130",130,78,46,1,4.8,NA,1,"B5P",NA,NA
"131",131,78,42,1,2.2,NA,0,"S6G",NA,NA
"132",132,40,51,1,5.9,NA,0,"Z1X",NA,NA
"133",133,72,66,0,5,NA,0,"G6Z",NA,NA
"134",134,57,57,1,3.3,NA,0,"I3O",NA,NA
"135",135,49,40,1,3.8,NA,0,"A7L",NA,NA
"136",136,36,54,0,6.2,NA,1,"S4X",NA,NA
"137",137,48,53,0,3.8,NA,1,"L1Y",NA,NA
"138",138,42,37,1,5.6,NA,1,"U9O",NA,NA
"139",139,32,61,1,3.9,NA,1,"W1K",NA,NA
"140",140,39,45,0,4.3,NA,1,"E4R",NA,NA
"141",141,40,49,1,3.2,NA,1,"T7P",NA,NA
"142",142,74,54,1,4.4,NA,1,"K8A",NA,NA
"143",143,56,57,1,6,NA,1,"P5G",NA,NA
"144",144,73,36,0,3.7,NA,0,"A3C",NA,NA
"145",145,43,44,1,7.3,NA,1,"S9B",NA,NA
"146",146,56,43,1,3.1,NA,1,"Y1O",NA,NA
"147",147,62,31,0,5.4,NA,1,"U9P",NA,NA
"148",148,38,52,1,2.7,NA,0,"C2E",NA,NA
"149",149,71,49,1,4.4,NA,1,"R0W",NA,NA
"150",150,45,39,0,5.5,NA,1,"W8I",NA,NA
"151",151,68,43,1,6.4,NA,1,"Q3A",NA,NA
"152",152,61,61,1,2.6,NA,0,"J7T",NA,NA
"153",153,59,44,0,5,NA,1,"P0K",NA,NA
"154",154,25,47,1,2.5,NA,1,"V1P",NA,NA
"155",155,70,46,0,2,NA,0,"L6M",NA,NA
"156",156,28,47,1,7.7,NA,1,"E2H",NA,NA
"157",157,61,54,0,5.8,NA,1,"N2B",NA,NA
"158",158,29,45,1,6.4,NA,1,"M8N",NA,NA
"159",159,64,35,0,5.1,NA,0,"U8S",NA,NA
"160",160,39,35,1,5,NA,1,"L2N",NA,NA
"161",161,77,49,1,4.2,NA,1,"T9A",NA,NA
"162",162,62,52,1,6.4,NA,1,"T0A",NA,NA
"163",163,55,56,0,6.1,NA,1,"R5D",NA,NA
"164",164,60,66,1,3.2,NA,1,"V3J",NA,NA
"165",165,29,44,0,4.6,NA,1,"B0T",NA,NA
"166",166,70,47,1,3.7,NA,1,"G9E",NA,NA
"167",167,60,44,1,6,NA,1,"W2N",NA,NA
"168",168,66,42,0,6.8,NA,0,"X3K",NA,NA
"169",169,65,67,1,4.9,NA,1,"U9N",NA,NA
"170",170,53,64,1,3.6,NA,1,"Z9Q",NA,NA
"171",171,44,60,1,2.9,NA,0,"X6R",NA,NA
"172",172,49,35,1,4.5,NA,1,"G2A",NA,NA
"173",173,60,59,1,3.9,NA,0,"K2L",NA,NA
"174",174,46,49,0,4.7,NA,1,"A2U",NA,NA
"175",175,75,58,1,4.8,NA,1,"J2C",NA,NA
"176",176,70,36,1,5.1,NA,0,"D9S",NA,NA
"177",177,74,32,0,4.5,NA,1,"D8M",NA,NA
"178",178,72,56,0,4.1,NA,1,"R5I",NA,NA
"179",179,79,45,1,3.3,NA,0,"V7U",NA,NA
"180",180,29,33,0,4.4,NA,1,"N7M",NA,NA
"181",181,26,33,1,2.7,NA,1,"N4L",NA,NA
"182",182,60,54,0,4.1,NA,1,"A1P",NA,NA
"183",183,31,58,1,5.3,NA,1,"Z2L",NA,NA
"184",184,74,41,1,4.8,NA,1,"V0N",NA,NA
"185",185,63,34,1,6.6,NA,1,"P9S",NA,NA
"186",186,44,56,1,5.3,NA,1,"D0L",NA,NA
"187",187,60,42,0,6,NA,1,"B0O",NA,NA
"188",188,77,44,0,3.8,NA,1,"P2S",NA,NA
"189",189,69,42,0,4.4,NA,1,"V9D",NA,NA
"190",190,52,53,1,3.3,NA,1,"E3S",NA,NA
"191",191,77,51,1,5.8,NA,1,"S3T",NA,NA
"192",192,70,46,1,4.4,NA,1,"G8M",NA,NA
"193",193,41,55,1,6.6,NA,1,"Q0F",NA,NA
"194",194,70,50,1,4.9,NA,0,"D5Z",NA,NA
"195",195,67,45,1,7.7,NA,1,"G6J",NA,NA
"196",196,42,63,1,2.3,NA,0,"Q2F",NA,NA
"197",197,32,31,0,2.9,NA,1,"B9W",NA,NA
"198",198,47,67,0,6.9,NA,0,"U2W",NA,NA
"199",199,47,24,1,5.4,NA,1,"A4H",NA,NA
"200",200,28,49,0,6.6,NA,1,"P3Q",NA,NA
"201",201,27,50,0,6.6,NA,1,"C3B",NA,NA
"202",202,27,31,0,4.6,NA,1,"V1Z",NA,NA
"203",203,36,44,0,3.5,NA,0,"U2J",NA,NA
